400.000000 ,500.000000 ,
1.000000 ,1.000000 ,
0.916827 ,0.401312 ,
0.386058 ,0.270681 ,
0.370028 ,0.203212 ,
0.188448 ,0.166848 ,
0.206278 ,0.170472 ,
0.214104 ,0.161822 ,
0.208533 ,0.163211 ,
0.162830 ,0.171926 ,
0.177532 ,0.159303 ,
0.176627 ,0.167550 ,
0.224263 ,0.150807 ,
0.217414 ,0.162517 ,
0.188909 ,0.160703 ,
0.205254 ,0.158783 ,
0.179722 ,0.159246 ,
0.222670 ,0.157982 ,
0.209530 ,0.160009 ,
0.180590 ,0.159739 ,
0.201830 ,0.159247 ,
0.184526 ,0.150822 ,
0.201628 ,0.166441 ,
0.234475 ,0.151920 ,
0.221844 ,0.163815 ,
0.190237 ,0.161223 ,
0.160523 ,0.150532 ,
0.211871 ,0.155652 ,
0.161959 ,0.150783 ,
0.173657 ,0.155255 ,
0.175005 ,0.156814 ,
0.196808 ,0.166714 ,
0.181069 ,0.171390 ,
0.180588 ,0.161180 ,
0.223701 ,0.158441 ,
0.209955 ,0.163706 ,
0.208060 ,0.160557 ,
0.180578 ,0.151343 ,
0.196488 ,0.156353 ,
0.177978 ,0.158259 ,
0.221606 ,0.167367 ,
0.219719 ,0.153097 ,
0.187744 ,0.162396 ,
0.205129 ,0.150584 ,
0.209658 ,0.168687 ,
0.238768 ,0.163851 ,
0.215807 ,0.166261 ,
0.240573 ,0.161425 ,
0.249782 ,0.175193 ,
0.190034 ,0.155795 ,
0.177062 ,0.157797 ,
0.200096 ,0.167162 ,
0.210955 ,0.151953 ,
0.185408 ,0.150169 ,
0.174894 ,0.158228 ,
0.220321 ,0.157509 ,
0.239356 ,0.159781 ,
0.193833 ,0.174673 ,
0.209956 ,0.163102 ,
0.162967 ,0.172064 ,
0.159340 ,0.159828 ,
0.193755 ,0.165646 ,
0.183739 ,0.151392 ,
0.201434 ,0.166480 ,
0.185740 ,0.160696 ,
0.159954 ,0.150221 ,
0.171989 ,0.147323 ,
0.156353 ,0.155056 ,
0.155927 ,0.147872 ,
0.209154 ,0.154751 ,
0.233522 ,0.170078 ,
0.166715 ,0.166715 ,
0.197844 ,0.167998 ,
0.210224 ,0.171799 ,
0.188853 ,0.162325 ,
0.205549 ,0.150630 ,
0.183867 ,0.149691 ,
0.174578 ,0.157988 ,
0.177834 ,0.158324 ,
0.178656 ,0.167366 ,
0.202558 ,0.159661 ,
0.179663 ,0.161601 ,
0.199514 ,0.168302 ,
0.162679 ,0.172059 ,
0.220037 ,0.159308 ,
0.217424 ,0.151766 ,
0.161929 ,0.158397 ,
0.215079 ,0.148660 ,
0.185808 ,0.149876 ,
0.197348 ,0.156319 ,
0.182924 ,0.158297 ,
0.202454 ,0.149711 ,
0.228872 ,0.159979 ,
0.182882 ,0.152326 ,
0.221589 ,0.158304 ,
0.181514 ,0.151691 ,
0.200634 ,0.166300 ,
0.233997 ,0.160614 ,
0.192652 ,0.161187 ,
0.182674 ,0.150650 ,
0.220925 ,0.148533 ,
0.178551 ,0.150155 ,
0.157497 ,0.148250 ,
0.172201 ,0.162901 ,
0.178140 ,0.149868 ,
0.177244 ,0.155913 ,
0.199804 ,0.157143 ,
0.208845 ,0.169563 ,
0.183352 ,0.163906 ,
0.178652 ,0.150591 ,
0.177490 ,0.165739 ,
0.179885 ,0.159250 ,
0.159093 ,0.157992 ,
0.193319 ,0.148455 ,
0.224588 ,0.166892 ,
0.220850 ,0.162039 ,
0.241242 ,0.163985 ,
0.216523 ,0.166557 ,
0.189434 ,0.173605 ,
0.182240 ,0.162448 ,
0.224832 ,0.168781 ,
0.165536 ,0.162463 ,
0.217927 ,0.158076 ,
0.181012 ,0.163015 ,
0.159819 ,0.150335 ,
0.172006 ,0.147333 ,
0.196173 ,0.155059 ,
0.177563 ,0.168686 ,
0.179377 ,0.159886 ,
0.201389 ,0.149773 ,
0.201293 ,0.149349 ,
0.159796 ,0.149279 ,
0.172903 ,0.147173 ,
0.175557 ,0.155072 ,
0.157962 ,0.157962 ,
0.156557 ,0.165082 ,
0.194764 ,0.149405 ,
0.175755 ,0.148957 ,
0.173434 ,0.155596 ,
0.157820 ,0.166270 ,
0.216074 ,0.157862 ,
0.187727 ,0.151339 ,
0.223259 ,0.148894 ,
0.206689 ,0.170348 ,
0.214244 ,0.173347 ,
0.190126 ,0.174906 ,
0.182711 ,0.162736 ,
0.159957 ,0.168898 ,
0.177375 ,0.150161 ,
0.198753 ,0.155935 ,
0.202599 ,0.160586 ,
0.205108 ,0.170656 ,
0.237501 ,0.152753 ,
0.211736 ,0.164284 ,
0.163355 ,0.160778 ,
0.216464 ,0.166301 ,
0.210643 ,0.173540 ,
0.184763 ,0.164759 ,
0.160504 ,0.159429 ,
0.174815 ,0.148744 ,
0.173265 ,0.147848 ,
0.196748 ,0.155233 ,
0.160256 ,0.158034 ,
0.174261 ,0.148520 ,
0.173138 ,0.164797 ,
0.159261 ,0.168287 ,
0.195316 ,0.150032 ,
0.176001 ,0.167466 ,
0.223972 ,0.159998 ,
0.210544 ,0.163991 ,
0.187500 ,0.163177 ,
0.160544 ,0.150692 ,
0.192497 ,0.155679 ,
0.200905 ,0.157903 ,
0.209433 ,0.158825 ,
0.235105 ,0.159480 ,
0.246607 ,0.152570 ,
0.182788 ,0.160132 ,
0.199843 ,0.168323 ,
0.185690 ,0.172101 ,
0.206227 ,0.161796 ,
0.234789 ,0.151440 ,
0.163770 ,0.172236 ,
0.178798 ,0.168905 ,
0.179586 ,0.160532 ,
0.177224 ,0.159267 ,
0.176581 ,0.158811 ,
0.178448 ,0.167334 ,
0.179083 ,0.160240 ,
0.222749 ,0.149812 ,
0.162189 ,0.150444 ,
0.191606 ,0.147469 ,
0.198055 ,0.148502 ,
0.159312 ,0.148986 ,
0.210872 ,0.147105 ,
0.184511 ,0.160464 ,
0.159784 ,0.158497 ,
0.156834 ,0.156766 ,
0.192246 ,0.148155 ,
0.180255 ,0.156296 ,
0.201036 ,0.158659 ,
0.184229 ,0.158994 ,
0.177318 ,0.168230 ,
0.180285 ,0.160263 ,
0.223256 ,0.168072 ,
0.244523 ,0.153292 ,
0.193908 ,0.152098 ,
0.159446 ,0.159446 ,
0.174574 ,0.156949 ,
0.175601 ,0.149080 ,
0.176515 ,0.165068 ,
0.159667 ,0.168727 ,
0.195552 ,0.158935 ,
0.178626 ,0.169488 ,
0.201777 ,0.151207 ,
0.201855 ,0.157446 ,
0.209720 ,0.158778 ,
0.180248 ,0.159485 ,
0.198988 ,0.158061 ,
0.230355 ,0.169678 ,
0.215502 ,0.153912 ,
0.206300 ,0.162070 ,
0.180817 ,0.160008 ,
0.179656 ,0.168075 ,
0.179443 ,0.160490 ,
0.199103 ,0.168029 ,
0.162590 ,0.162590 ,
0.175846 ,0.157783 ,
0.178095 ,0.158426 ,
0.176438 ,0.149484 ,
0.176780 ,0.155743 ,
0.175507 ,0.158200 ,
0.199576 ,0.157536 ,
0.208833 ,0.158676 ,
0.180113 ,0.159415 ,
0.201583 ,0.167864 ,
0.162833 ,0.162833 ,
0.175945 ,0.157847 ,
0.220623 ,0.167049 ,
0.219249 ,0.164786 ,
0.164261 ,0.173511 ,
0.159711 ,0.159711 ,
0.193873 ,0.165661 ,
0.161636 ,0.160112 ,
0.215540 ,0.148906 ,
0.234174 ,0.157688 ,
0.192150 ,0.152244 ,
0.225421 ,0.157155 ,
0.189888 ,0.159979 ,
0.227179 ,0.169085 ,
0.214444 ,0.162657 ,
0.215828 ,0.163385 ,
0.182341 ,0.172799 ,
0.228503 ,0.151909 ,
0.189678 ,0.151060 ,
0.203672 ,0.167067 ,
0.181989 ,0.162931 ,
0.159911 ,0.158889 ,
0.174585 ,0.165502 ,
0.200625 ,0.159530 ,
0.161371 ,0.159159 ,
0.157107 ,0.165723 ,
0.215599 ,0.166706 ,
0.189234 ,0.152683 ,
0.176064 ,0.157094 ,
0.178025 ,0.157331 ,
0.176111 ,0.149314 ,
0.198109 ,0.147999 ,
0.181618 ,0.159237 ,
0.202130 ,0.149788 ,
0.228762 ,0.168172 ,
0.185330 ,0.165870 ,
0.227327 ,0.169899 ,
0.247011 ,0.162842 ,
0.253224 ,0.167008 ,
0.187947 ,0.177963 ,
0.184564 ,0.162454 ,
0.180975 ,0.160111 ,
0.202051 ,0.168115 ,
0.211929 ,0.162925 ,
0.214862 ,0.163154 ,
0.188401 ,0.172635 ,
0.207399 ,0.162177 ,
0.186404 ,0.171562 ,
0.181272 ,0.151927 ,
0.196848 ,0.156513 ,
0.207551 ,0.158312 ,
0.161924 ,0.161924 ,
0.216270 ,0.149196 ,
0.234592 ,0.161386 ,
0.213849 ,0.161387 ,
0.237943 ,0.151769 ,
0.181516 ,0.151524 ,
0.174835 ,0.158030 ,
0.177902 ,0.166966 ,
0.180199 ,0.150782 ,
0.177885 ,0.157772 ,
0.178571 ,0.157571 ,
0.178697 ,0.157565 ,
0.221664 ,0.167293 ,
0.164941 ,0.164941 ,
0.218529 ,0.149810 ,
0.178645 ,0.170021 ,
0.179897 ,0.170081 ,
0.181225 ,0.151364 ,
0.200460 ,0.157974 ,
0.209271 ,0.169824 ,
0.209902 ,0.161844 ,
0.236395 ,0.162756 ,
0.165816 ,0.161781 ,
0.217809 ,0.157782 ,
0.162954 ,0.171746 ,
0.220042 ,0.168704 ,
0.164995 ,0.153224 ,
0.214575 ,0.164813 ,
0.209647 ,0.161045 ,
0.213561 ,0.171560 ,
0.241526 ,0.174415 ,
0.220161 ,0.168334 ,
0.219323 ,0.164947 ,
0.189825 ,0.164296 ,
0.228672 ,0.170051 ,
0.193089 ,0.162949 ,
0.229579 ,0.170115 ,
0.166284 ,0.163012 ,
0.176397 ,0.158069 ,
0.176137 ,0.158531 ,
0.178295 ,0.149401 ,
0.198959 ,0.157349 ,
0.183495 ,0.160837 ,
0.159735 ,0.150128 ,
0.211421 ,0.155505 ,
0.161887 ,0.170505 ,
0.219178 ,0.150506 ,
0.206148 ,0.161915 ,
0.234798 ,0.171360 ,
0.226032 ,0.163570 ,
0.212285 ,0.164807 ,
0.209038 ,0.163501 ,
0.162933 ,0.151848 ,
0.213280 ,0.156113 ,
0.162188 ,0.150927 ,
0.191755 ,0.155297 ,
0.226323 ,0.149702 ,
0.218030 ,0.170878 ,
0.184851 ,0.162549 ,
0.225961 ,0.158961 ,
0.219781 ,0.164039 ,
0.189770 ,0.161160 ,
0.181982 ,0.160462 ,
0.177484 ,0.168307 ,
0.179256 ,0.160294 ,
0.198992 ,0.149829 ,
0.182155 ,0.159626 ,
0.223814 ,0.159397 ,
0.189906 ,0.151974 ,
0.180379 ,0.167296 ,
0.160442 ,0.169662 ,
0.158684 ,0.150303 ,
0.211059 ,0.155422 ,
0.234583 ,0.150707 ,
0.243131 ,0.163627 ,
0.227913 ,0.162337 ,
0.212375 ,0.164810 ,
0.188096 ,0.163512 ,
0.227665 ,0.169679 ,
0.247080 ,0.162813 ,
0.253244 ,0.176269 ,
0.261212 ,0.165664 ,
0.260810 ,0.169070 ,
0.189508 ,0.169600 ,
0.207237 ,0.151784 ,
0.184481 ,0.149954 ,
0.158095 ,0.158095 ,
0.192965 ,0.148420 ,
0.198704 ,0.148716 ,
0.181887 ,0.159416 ,
0.179803 ,0.149829 ,
0.174149 ,0.157578 ,
0.175734 ,0.157332 ,
0.197156 ,0.158342 ,
0.208034 ,0.160803 ,
0.180648 ,0.162382 ,
0.177889 ,0.168588 ,
0.180484 ,0.160383 ,
0.223381 ,0.158265 ,
0.209812 ,0.172491 ,
0.188879 ,0.153282 ,
0.224414 ,0.159098 ,
0.219174 ,0.151959 ,
0.206623 ,0.158531 ,
0.205488 ,0.170647 ,
0.187484 ,0.173277 ,
0.207164 ,0.152248 ,
0.178027 ,0.150021 ,
0.157420 ,0.157420 ,
0.173758 ,0.148283 ,
0.173012 ,0.155350 ,
0.198078 ,0.156800 ,
0.202705 ,0.150254 ,
0.160094 ,0.160094 ,
0.194088 ,0.157120 ,
0.206583 ,0.150100 ,
0.177331 ,0.157466 ,
0.176070 ,0.167118 ,
0.200359 ,0.150712 ,
0.207792 ,0.168181 ,
0.163564 ,0.163564 ,
0.158042 ,0.149529 ,
0.172545 ,0.155233 ,
0.195689 ,0.148717 ,
0.181170 ,0.167214 ,
0.181017 ,0.159763 ,
0.179659 ,0.149837 ,
0.219404 ,0.155987 ,
0.238403 ,0.171519 ,
0.252600 ,0.177286 ,
0.261306 ,0.170063 ,
0.189874 ,0.164740 ,
0.179665 ,0.159699 ,
0.176991 ,0.159142 ,
0.221501 ,0.158766 ,
0.240331 ,0.163518 ,
0.166379 ,0.166379 ,
0.197652 ,0.158792 ,
0.203239 ,0.160930 ,
0.161882 ,0.170807 ,
0.177114 ,0.159499 ,
0.198194 ,0.158837 ,
0.208543 ,0.169763 ,
0.163906 ,0.163906 ,
0.176381 ,0.149599 ,
0.176787 ,0.165269 ,
0.223537 ,0.159111 ,
0.210134 ,0.151916 ,
0.211922 ,0.161164 ,
0.237025 ,0.162865 ,
0.193829 ,0.175116 ,
0.210042 ,0.172966 ,
0.184518 ,0.153368 ,
0.198128 ,0.149040 ,
0.206583 ,0.167558 ,
0.237021 ,0.161207 ,
0.184227 ,0.174732 ,
0.206169 ,0.152306 ,
0.203345 ,0.169190 ,
0.186697 ,0.161385 ,
0.204522 ,0.169043 ,
0.182680 ,0.163347 ,
0.180688 ,0.159015 ,
0.159141 ,0.157985 ,
0.213813 ,0.148456 ,
0.212704 ,0.149780 ,
0.233268 ,0.161095 ,
0.223247 ,0.165195 ,
0.190839 ,0.152844 ,
0.176297 ,0.167594 ,
0.200570 ,0.159583 ,
0.209634 ,0.150809 ,
0.177895 ,0.149927 ,
0.177197 ,0.155913 ,
0.199786 ,0.158271 ,
0.183859 ,0.161076 ,
0.177882 ,0.168655 ,
0.202507 ,0.151041 ,
0.229365 ,0.149599 ,
0.189464 ,0.158572 ,
0.177806 ,0.168722 ,
0.180488 ,0.159907 ,
0.179560 ,0.159263 ,
0.159060 ,0.157977 ,
0.174107 ,0.148451 ,
0.193953 ,0.147768 ,
0.180590 ,0.156304 ,
0.222013 ,0.158696 ,
0.189334 ,0.172434 ,
0.207727 ,0.152213 ,
0.184676 ,0.150044 ,
0.197114 ,0.148543 ,
0.206087 ,0.148945 ,
0.209713 ,0.157194 ,
0.179780 ,0.161976 ,
0.179759 ,0.150113 ,
0.157618 ,0.165756 ,
0.175245 ,0.157759 ,
0.199391 ,0.149238 ,
0.159574 ,0.156902 ,
0.174164 ,0.156559 ,
0.198748 ,0.149000 ,
0.227057 ,0.156818 ,
0.163807 ,0.172581 ,
0.177875 ,0.150923 ,
0.157547 ,0.148332 ,
0.189808 ,0.162924 ,
0.228181 ,0.150771 ,
0.162938 ,0.171331 ,
0.178435 ,0.168609 ,
0.179456 ,0.159916 ,
0.198923 ,0.149781 ,
0.200662 ,0.149225 ,
0.200930 ,0.156966 ,
0.230794 ,0.158627 ,
0.191487 ,0.160585 ,
0.178633 ,0.150498 ,
0.195731 ,0.157560 ,
0.178243 ,0.169198 ,
0.179608 ,0.160520 ,
0.201601 ,0.158248 ,
0.184291 ,0.158936 ,
0.159515 ,0.158160 ,
0.193508 ,0.156680 ,
0.182072 ,0.158170 ,
0.199034 ,0.167804 ,
0.210660 ,0.160852 ,
0.213930 ,0.162676 ,
0.208769 ,0.160549 ,
0.162421 ,0.151378 ,
0.173866 ,0.155985 ,
0.219129 ,0.157928 ,
0.238988 ,0.151506 ,
0.181563 ,0.164241 ,
0.178541 ,0.160076 ,
0.198741 ,0.158096 ,
0.208613 ,0.150487 ,
0.184578 ,0.149825 ,
0.174699 ,0.148505 ,
0.216919 ,0.155446 ,
0.187491 ,0.162475 ,
0.160429 ,0.150583 ,
0.211851 ,0.155133 ,
0.161873 ,0.170469 ,
0.197806 ,0.158966 ,
0.183509 ,0.158887 ,
0.202795 ,0.159423 ,
0.179621 ,0.161588 ,
0.199499 ,0.150045 ,
0.207321 ,0.157079 ,
0.211829 ,0.161698 ,
0.162942 ,0.171957 ,
0.178619 ,0.168750 ,
0.225514 ,0.151093 ,
0.208005 ,0.158685 ,
0.162034 ,0.170838 ,
0.159043 ,0.159043 ,
0.193497 ,0.148612 ,
0.175378 ,0.166947 ,
0.201209 ,0.159848 ,
0.184485 ,0.150882 ,
0.158244 ,0.166450 ,
0.176462 ,0.158373 ,
0.158587 ,0.149393 ,
0.210718 ,0.155269 ,
0.205492 ,0.170372 ,
0.213766 ,0.161758 ,
0.238042 ,0.163163 ,
0.184938 ,0.153295 ,
0.222777 ,0.158678 ,
0.218416 ,0.163644 ,
0.240760 ,0.163982 ,
0.166503 ,0.153564 ,
0.215301 ,0.165054 ,
0.239911 ,0.152411 ,
0.246124 ,0.159738 ,
0.166392 ,0.175445 ,
0.160252 ,0.169923 ,
0.158706 ,0.158706 ,
0.156753 ,0.156753 ,
0.192214 ,0.164682 ,
0.207334 ,0.151165 ,
0.210652 ,0.149864 ,
0.184957 ,0.169145 ,
0.182262 ,0.151480 ,
0.174909 ,0.166336 ,
0.223125 ,0.150532 ,
0.162348 ,0.162348 ,
0.157718 ,0.157718 ,
0.156492 ,0.156492 ,
0.173385 ,0.148096 ,
0.216245 ,0.156622 ,
0.180382 ,0.171305 ,
0.203994 ,0.160602 ,
0.211202 ,0.170818 ,
0.216169 ,0.164371 ,
0.216879 ,0.152350 ,
0.214726 ,0.158492 ,
0.187514 ,0.162734 ,
0.178797 ,0.169438 ,
0.180850 ,0.160114 ,
0.199342 ,0.149882 ,
0.182248 ,0.159672 ,
0.159414 ,0.168160 ,
0.217365 ,0.167505 ,
0.211284 ,0.152898 ,
0.233774 ,0.169900 ,
0.166713 ,0.163194 ,
0.176500 ,0.149633 ,
0.198318 ,0.155778 ,
0.229262 ,0.158234 ,
0.211366 ,0.152075 ,
0.233515 ,0.161323 ,
0.213538 ,0.165260 ,
0.163713 ,0.172966 ,
0.159565 ,0.150977 ,
0.155621 ,0.155170 ,
0.172907 ,0.155844 ,
0.198132 ,0.148828 ,
0.159373 ,0.149040 ,
0.171587 ,0.147116 ,
0.215183 ,0.156277 ,
0.162421 ,0.171106 ,
0.178308 ,0.168500 ,
0.202643 ,0.151039 ,
0.202024 ,0.168510 ,
0.207552 ,0.172393 ,
0.184046 ,0.164230 ,
0.226211 ,0.160342 ,
0.190672 ,0.164294 ,
0.182758 ,0.159646 ,
0.177336 ,0.158229 ,
0.197847 ,0.158657 ,
0.208370 ,0.158823 ,
0.206040 ,0.151092 ,
0.177557 ,0.168903 ,
0.202430 ,0.151062 ,
0.177127 ,0.149599 ,
0.198551 ,0.165351 ,
0.184839 ,0.171278 ,
0.205731 ,0.160836 ,
0.211945 ,0.151266 ,
0.178299 ,0.161254 ,
0.179283 ,0.158334 ,
0.158882 ,0.158882 ,
0.156800 ,0.148579 ,
0.154954 ,0.146917 ,
0.188737 ,0.154080 ,
0.159210 ,0.149363 ,
0.155330 ,0.163331 ,
0.174297 ,0.149075 ,
0.176211 ,0.156874 ,
0.175769 ,0.157292 ,
0.177991 ,0.166906 ,
0.200784 ,0.150777 ,
0.207973 ,0.159971 ,
0.234887 ,0.151248 ,
0.210538 ,0.172203 ,
0.211029 ,0.174215 ,
0.211831 ,0.174735 ,
0.212219 ,0.163052 ,
0.163206 ,0.151942 ,
0.174144 ,0.156157 ,
0.157985 ,0.148938 ,
0.172431 ,0.147031 ,
0.156353 ,0.164268 ,
0.175610 ,0.166299 ,
0.201173 ,0.150562 ,
0.228631 ,0.159979 ,
0.211779 ,0.152313 ,
0.204805 ,0.150266 ,
0.160322 ,0.160322 ,
0.194216 ,0.157181 ,
0.177955 ,0.158314 ,
0.176389 ,0.149460 ,
0.176764 ,0.148036 ,
0.194488 ,0.147839 ,
0.180730 ,0.166885 ,
0.225748 ,0.160414 ,
0.190571 ,0.160699 ,
0.182090 ,0.158871 ,
0.159268 ,0.149756 ,
0.155398 ,0.147218 ,
0.208728 ,0.146643 ,
0.210306 ,0.168207 ,
0.163843 ,0.152642 ,
0.174411 ,0.155745 ,
0.157948 ,0.148889 ,
0.191196 ,0.147022 ,
0.203477 ,0.156001 ,
0.210078 ,0.161107 ,
0.207237 ,0.151531 ,
0.203371 ,0.169136 ,
0.163237 ,0.161375 ,
0.157658 ,0.149179 ,
0.171431 ,0.163121 ,
0.220574 ,0.158810 ,
0.181544 ,0.163424 ,
0.180432 ,0.158971 ,
0.176868 ,0.159107 ,
0.176493 ,0.149526 ,
0.198295 ,0.165265 ,
0.205511 ,0.171229 ,
0.163814 ,0.163814 ,
0.176344 ,0.158108 ,
0.178269 ,0.158532 ,
0.158805 ,0.158805 ,
0.193363 ,0.156779 ,
0.206231 ,0.168757 ,
0.213738 ,0.161448 ,
0.208313 ,0.151772 ,
0.203728 ,0.157913 ,
0.204532 ,0.150714 ,
0.183638 ,0.157487 ,
0.223689 ,0.167826 ,
0.165252 ,0.153276 ,
0.174846 ,0.164853 ,
0.177933 ,0.150301 ,
0.177271 ,0.165595 ,
0.200179 ,0.150539 ,
0.176713 ,0.157219 ,
0.199851 ,0.166995 ,
0.210824 ,0.151914 ,
0.161238 ,0.158077 ,
0.194139 ,0.156754 ,
0.160221 ,0.160221 ,
0.174887 ,0.157154 ,
0.158224 ,0.149128 ,
0.172517 ,0.147071 ,
0.172524 ,0.156369 ,
0.218709 ,0.148888 ,
0.186730 ,0.161601 ,
0.178372 ,0.160206 ,
0.159085 ,0.158115 ,
0.156699 ,0.156648 ,
0.192174 ,0.164653 ,
0.229794 ,0.170397 ,
0.193433 ,0.166354 ,
0.204598 ,0.151485 ,
0.177504 ,0.149773 ,
0.218498 ,0.155860 ,
0.180423 ,0.159330 ,
0.159163 ,0.158037 ,
0.193213 ,0.148465 ,
0.198781 ,0.166882 ,
0.233409 ,0.162368 ,
0.184141 ,0.152931 ,
0.175545 ,0.158535 ,
0.197490 ,0.158515 ,
0.160867 ,0.169611 ,
0.218454 ,0.159189 ,
0.188552 ,0.163254 ,
0.227766 ,0.160670 ,
0.182956 ,0.152376 ,
0.197417 ,0.166612 ,
0.184794 ,0.162175 ,
0.178314 ,0.160091 ,
0.179081 ,0.167813 ,
0.202809 ,0.169632 ,
0.212537 ,0.163257 ,
0.215176 ,0.160599 ,
0.238235 ,0.151715 ,
0.211586 ,0.164193 ,
0.163324 ,0.152086 ,
0.172906 ,0.147774 ,
0.196598 ,0.147605 ,
0.199371 ,0.159012 ,
0.209044 ,0.158981 ,
0.234992 ,0.151151 ,
0.191138 ,0.151277 ,
0.199148 ,0.149057 ,
0.206988 ,0.167676 ,
0.237239 ,0.163393 ,
0.215239 ,0.161965 ,
0.208880 ,0.151930 ,
0.211423 ,0.169411 ,
0.210336 ,0.173675 ,
0.240883 ,0.174531 ,
0.188738 ,0.155223 ,
0.225031 ,0.159394 ,
0.190205 ,0.152037 ,
0.159040 ,0.159040 ,
0.214127 ,0.148611 ,
0.177778 ,0.169254 ,
0.201484 ,0.169811 ,
0.163141 ,0.161419 ,
0.195485 ,0.157654 ,
0.182718 ,0.150253 ,
0.200821 ,0.148475 ,
0.200730 ,0.167733 ,
0.181837 ,0.172068 ,
0.182041 ,0.151770 ,
0.196993 ,0.158125 ,
0.202853 ,0.160750 ,
0.161811 ,0.159540 ,
0.157214 ,0.157214 ,
0.212779 ,0.156359 ,
0.186650 ,0.162173 ,
0.160290 ,0.160290 ,
0.215054 ,0.148864 ,
0.204536 ,0.157653 ,
0.204657 ,0.170212 ,
0.208808 ,0.161678 ,
0.213350 ,0.171609 ,
0.164738 ,0.164738 ,
0.158354 ,0.149768 ,
0.190449 ,0.147174 ,
0.197668 ,0.148399 ,
0.159254 ,0.167364 ,
0.175903 ,0.149890 ,
0.194854 ,0.157174 ,
0.201993 ,0.160366 ,
0.210356 ,0.161655 ,
0.207490 ,0.151630 ,
0.184514 ,0.149943 ,
0.221442 ,0.148519 ,
0.206091 ,0.170058 ,
0.187523 ,0.163686 ,
0.179077 ,0.150771 ,
0.195929 ,0.156153 ,
0.228383 ,0.168904 ,
0.185505 ,0.165950 ,
0.179506 ,0.159725 ,
0.201408 ,0.159129 ,
0.231767 ,0.161390 ,
0.222684 ,0.152694 ,
0.188395 ,0.158876 ,
0.181248 ,0.159946 ,
0.202124 ,0.168109 ,
0.186203 ,0.162932 ,
0.201618 ,0.160365 ,
0.179760 ,0.150983 ,
0.196168 ,0.156234 ,
0.160355 ,0.168949 ,
0.177436 ,0.159020 ,
0.221644 ,0.167476 ,
0.190865 ,0.153116 ,
0.199666 ,0.157272 ,
0.203268 ,0.169576 ,
0.182689 ,0.163298 ,
0.225316 ,0.160045 ,
0.219739 ,0.173120 ,
0.185734 ,0.163131 ,
0.226536 ,0.159133 ,
0.182350 ,0.173051 ,
0.203893 ,0.171187 ,
0.163630 ,0.161848 ,
0.195750 ,0.157775 ,
0.178308 ,0.158523 ,
0.198188 ,0.157753 ,
0.203041 ,0.150406 ,
0.183225 ,0.160154 ,
0.159596 ,0.159596 ,
0.193808 ,0.165623 ,
0.230833 ,0.160101 ,
0.222029 ,0.173765 ,
0.221213 ,0.154117 ,
0.162725 ,0.162725 ,
0.195574 ,0.149359 ,
0.225848 ,0.156726 ,
0.209956 ,0.163659 ,
0.214213 ,0.160547 ,
0.187764 ,0.160106 ,
0.226330 ,0.158594 ,
0.164019 ,0.160338 ,
0.195149 ,0.157575 ,
0.160463 ,0.158448 ,
0.174636 ,0.156791 ,
0.158139 ,0.158139 ,
0.174047 ,0.156603 ,
0.196499 ,0.149001 ,
0.205936 ,0.148983 ,
0.183663 ,0.160236 ,
0.180368 ,0.150045 ,
0.196026 ,0.157672 ,
0.207455 ,0.169257 ,
0.163703 ,0.163703 ,
0.176298 ,0.158079 ,
0.220849 ,0.149340 ,
0.187333 ,0.150274 ,
0.222726 ,0.148712 ,
0.237211 ,0.150274 ,
0.163844 ,0.159135 ,
0.174992 ,0.157365 ,
0.158268 ,0.157331 ,
0.173830 ,0.156489 ,
0.177397 ,0.148973 ,
0.157186 ,0.155686 ,
0.212256 ,0.164495 ,
0.182246 ,0.163447 ,
0.200766 ,0.169006 ,
0.211592 ,0.172362 ,
0.164669 ,0.164669 ,
0.176691 ,0.149754 ,
0.173770 ,0.155813 ,
0.157891 ,0.156938 ,
0.173674 ,0.156336 ,
0.175319 ,0.157964 ,
0.220405 ,0.158399 ,
0.181402 ,0.163338 ,
0.159913 ,0.150404 ,
0.172037 ,0.155069 ,
0.176730 ,0.156689 ,
0.158346 ,0.149150 ,
0.191392 ,0.147081 ,
0.223307 ,0.156024 ,
0.240121 ,0.163266 ,
0.215976 ,0.162094 ,
0.181974 ,0.151988 ,
0.158153 ,0.148701 ,
0.191237 ,0.155115 ,
0.205072 ,0.149648 ,
0.209449 ,0.149517 ,
0.184604 ,0.160701 ,
0.177860 ,0.150164 ,
0.174022 ,0.155961 ,
0.157941 ,0.148902 ,
0.191196 ,0.154651 ,
0.200242 ,0.168037 ,
0.185734 ,0.152096 ,
0.179416 ,0.148908 ,
0.218986 ,0.165451 ,
0.211031 ,0.164342 ,
0.182054 ,0.152080 ,
0.158176 ,0.148719 ,
0.191249 ,0.155120 ,
0.226048 ,0.157718 ,
0.219562 ,0.172671 ,
0.213600 ,0.163024 ,
0.238429 ,0.160607 ,
0.165684 ,0.161426 ,
0.196448 ,0.166704 ,
0.162085 ,0.162085 ,
0.157648 ,0.149229 ,
0.191148 ,0.147058 ,
0.223197 ,0.156006 ,
0.189129 ,0.151419 ,
0.175685 ,0.167085 ,
0.223708 ,0.150687 ,
0.217163 ,0.170805 ,
0.218600 ,0.165025 ,
0.164229 ,0.164229 ,
0.217995 ,0.167166 ,
0.183731 ,0.161740 ,
0.180651 ,0.159906 ,
0.177166 ,0.159280 ,
0.158807 ,0.158807 ,
0.193365 ,0.156780 ,
0.177738 ,0.150011 ,
0.173964 ,0.155922 ,
0.219147 ,0.156971 ,
0.162967 ,0.159603 ,
0.175414 ,0.157347 ,
0.197080 ,0.166878 ,
0.184761 ,0.171458 ,
0.229055 ,0.171099 ,
0.215630 ,0.176100 ,
0.165733 ,0.163558 ,
0.218381 ,0.149639 ,
0.178577 ,0.161687 ,
0.177444 ,0.159344 ,
0.178744 ,0.167550 ,
0.225148 ,0.150915 ,
0.179749 ,0.150736 ,
0.174404 ,0.165892 ,
0.222762 ,0.168675 ,
0.184758 ,0.165290 ,
0.181526 ,0.159543 ,
0.223523 ,0.168050 ,
0.184661 ,0.162232 ,
0.160085 ,0.150401 ,
0.173162 ,0.147357 ,
0.215904 ,0.164420 ,
0.163834 ,0.161032 ,
0.216746 ,0.157667 ,
0.207860 ,0.159623 ,
0.180278 ,0.151189 ,
0.196364 ,0.148494 ,
0.181291 ,0.156584 ,
0.158816 ,0.167363 ,
0.158143 ,0.149868 ,
0.191450 ,0.163325 ,
0.160994 ,0.170015 ,
0.218644 ,0.150385 ,
0.215043 ,0.170164 ,
0.184276 ,0.162231 ,
0.180868 ,0.158862 ,
0.198947 ,0.149692 ,
0.200640 ,0.149213 ,
0.200920 ,0.167877 ,
0.207054 ,0.160970 ,
0.186101 ,0.171249 ,
0.206220 ,0.161702 ,
0.234752 ,0.162332 ,
0.214210 ,0.165564 ,
0.216324 ,0.173112 ,
0.185319 ,0.153718 ,
0.175910 ,0.158787 ,
0.220932 ,0.167254 ,
0.243193 ,0.153044 ,
0.182521 ,0.160051 ,
0.224115 ,0.159504 ,
0.210418 ,0.152007 ,
0.178337 ,0.161209 ,
0.199050 ,0.149922 ,
0.182185 ,0.157029 ,
0.201923 ,0.157642 ,
0.231457 ,0.161205 ,
0.245623 ,0.174091 ,
0.256866 ,0.168739 ,
0.222434 ,0.164204 ,
0.183375 ,0.164515 ,
0.201400 ,0.150686 ,
0.208199 ,0.168292 ,